546759904
440242415
450448386
387405417
453630966
537840602
582117176
608270468
561290237
455925790
601710920
458945887
601855526
540774054
543989834
561290718
572076528
342457309
555062806
584166690
585164142
598794378
528514154
456134236
418043087
573281847
613070235
487604285
581330828
506482880
600784304
440521860
461146188
560143031
505977539
585164160
567257408
564245934
459090710
578520420
567258076
596322849
543089205
458949963
566042021
415308195
548747167
465724997
414431538
534620156
457009464
453725565
494809749
458651214
434228757
401590173
302363863
559607639
540763581
539021791
492108330
570586929
610045246
617094018
470510077
581325277
448753951
507036700
439495264
427597260
464049569
540762336
554047227
526450802
554285371
593283931
581330712
537348880
613052590
502707694
598950354
465372350
529540577
556272459
593993667
455442231
352480474
519997720
576226996
509116725
502653820
453617818
487605848
516604579
499875322
412815691
569062560
522316984
585164161
562673309
562186262
460465926
571677028
540555337
533605529
525115108
457131642
599003573
353663292
529489325
558658241
579294205
599003250
541466222
537346016
542903169
529489398
563598508
498839090
617860579
615045972
577244066
591479353
455742035
586122001
575676756
351761650
533713527
558484197
548082530