490403373
395318023
431028582
310048410
537332934
58052837 
582117176
507744776
356183914
601855526
352740230
598004395
525162230
441501408
450448386
445306248
540552490
342457309
489996815
439169826
585164142
290416248
583534096
510592098
414605395
528813594
541427741
34841861
22596870
430500553
453594382
403680911
514603137
441836539
613070235
480498484
605969331
455925790
448259722
455635696
392302154
545536654
560980471
455046374
431678784
31342653
313866290
24070939
512929784
402942045
481982344
40266504
600301825
573474495
602741113
612614076
562030681
578715475
617826708
461492519
480443772
455741133
447358251
51085993
455386104
456134236
475510133
466485922
549183619
310525468
468066606
32224039
438447630
613242181
501000397
409851308
434663742
617048648
379053332
31822266
498926677
515159508
395518809
453136904
470193164
448665475
448649853
401590173
606119505
373947946
542212788
575176033
602964197
445740955
590693241
396072998
334230885
585224827
581720111
587246488
489665434
446137990
395754633
560336179
268899460
408354617
470656472
47933779
588195301
584235014
434026412
545530686
614166952
48330537
23494174
514979205
607429782
605455303
494809749
20078256
434897268
341135085
408742901
613626156
425525888
578715555
582683653
449855440
427883527
345759554
401329585
390411069
580597323
536334077
46950338
538714015
388211145
56329567
29001959
357711692
54349382
23455930
605599526
480449144
573763380
608704213
401763705
347024684
453594374
406248614
401253180
270085008
302718773
22162480
39580486
562842530
584932875
344620591
585678934
500708577
585164136